0.9610600592782486  0.00820048262301867  0.0019297909960943422  0.028809667102638416  
0.9610600592782486  0.00820048262301867  0.0019297909960943422  0.028809667102638416  
0.9610600592782486  0.00820048262301867  0.0019297909960943422  0.028809667102638416  
0.9610600592782486  0.00820048262301867  0.0019297909960943422  0.028809667102638416  
0.9610600592782486  0.00820048262301867  0.0019297909960943422  0.028809667102638416  
0.9610600592782486  0.00820048262301867  0.0019297909960943422  0.028809667102638416  
0.9947541842572969  0.0010124707692117172  2.2271867218198935E-4  0.004010626301309379  
0.9947541842572969  0.0010124707692117172  2.2271867218198935E-4  0.004010626301309379  
0.9947541842572969  0.0010124707692117172  2.2271867218198935E-4  0.004010626301309379  
0.9947541842572969  0.0010124707692117172  2.2271867218198935E-4  0.004010626301309379  
0.9947541842572969  0.0010124707692117172  2.2271867218198935E-4  0.004010626301309379  
0.9947541842572969  0.0010124707692117172  2.2271867218198935E-4  0.004010626301309379  
0.9947541842572969  0.0010124707692117172  2.2271867218198935E-4  0.004010626301309379  
0.9947541842572969  0.0010124707692117172  2.2271867218198935E-4  0.004010626301309379  
0.9947541842572969  0.0010124707692117172  2.2271867218198935E-4  0.004010626301309379  
0.9947541842572969  0.0010124707692117172  2.2271867218198935E-4  0.004010626301309379  
0.9947541842572969  0.0010124707692117172  2.2271867218198935E-4  0.004010626301309379  
0.9947541842572969  0.0010124707692117172  2.2271867218198935E-4  0.004010626301309379  
0.9947541842572969  0.0010124707692117172  2.2271867218198935E-4  0.004010626301309379  
0.9947541842572969  0.0010124707692117172  2.2271867218198935E-4  0.004010626301309379  
0.9947541842572969  0.0010124707692117172  2.2271867218198935E-4  0.004010626301309379  
0.9947541842572969  0.0010124707692117172  2.2271867218198935E-4  0.004010626301309379  
0.9947541842572969  0.0010124707692117172  2.2271867218198935E-4  0.004010626301309379  
0.9947541842572969  0.0010124707692117172  2.2271867218198935E-4  0.004010626301309379  
0.9947541842572969  0.0010124707692117172  2.2271867218198935E-4  0.004010626301309379  
0.9947541842572969  0.0010124707692117172  2.2271867218198935E-4  0.004010626301309379  
0.9947541842572969  0.0010124707692117172  2.2271867218198935E-4  0.004010626301309379  
0.9947541842572969  0.0010124707692117172  2.2271867218198935E-4  0.004010626301309379  
0.9947541842572969  0.0010124707692117172  2.2271867218198935E-4  0.004010626301309379  
0.9947541842572969  0.0010124707692117172  2.2271867218198935E-4  0.004010626301309379  
0.9947541842572969  0.0010124707692117172  2.2271867218198935E-4  0.004010626301309379  
0.9947541842572969  0.0010124707692117172  2.2271867218198935E-4  0.004010626301309379  
0.9947541842572969  0.0010124707692117172  2.2271867218198935E-4  0.004010626301309379  
0.9947541842572969  0.0010124707692117172  2.2271867218198935E-4  0.004010626301309379  
0.9947541842572969  0.0010124707692117172  2.2271867218198935E-4  0.004010626301309379  
0.9947541842572969  0.0010124707692117172  2.2271867218198935E-4  0.004010626301309379  
0.9947541842572969  0.0010124707692117172  2.2271867218198935E-4  0.004010626301309379  
0.9947541842572969  0.0010124707692117172  2.2271867218198935E-4  0.004010626301309379  
0.9947541842572969  0.0010124707692117172  2.2271867218198935E-4  0.004010626301309379  
0.9947541842572969  0.0010124707692117172  2.2271867218198935E-4  0.004010626301309379  
0.9947541842572969  0.0010124707692117172  2.2271867218198935E-4  0.004010626301309379  
0.9947541842572969  0.0010124707692117172  2.2271867218198935E-4  0.004010626301309379  
0.9947541842572969  0.0010124707692117172  2.2271867218198935E-4  0.004010626301309379  
0.9947541842572969  0.0010124707692117172  2.2271867218198935E-4  0.004010626301309379  
0.9947541842572969  0.0010124707692117172  2.2271867218198935E-4  0.004010626301309379  
0.9947541842572969  0.0010124707692117172  2.2271867218198935E-4  0.004010626301309379  
0.9947541842572969  0.0010124707692117172  2.2271867218198935E-4  0.004010626301309379  
0.9947541842572969  0.0010124707692117172  2.2271867218198935E-4  0.004010626301309379  
0.9947541842572969  0.0010124707692117172  2.2271867218198935E-4  0.004010626301309379  
0.9947541842572969  0.0010124707692117172  2.2271867218198935E-4  0.004010626301309379  
0.9947541842572969  0.0010124707692117172  2.2271867218198935E-4  0.004010626301309379  
0.9947541842572969  0.0010124707692117172  2.2271867218198935E-4  0.004010626301309379  
0.9947541842572969  0.0010124707692117172  2.2271867218198935E-4  0.004010626301309379  
0.9947541842572969  0.0010124707692117172  2.2271867218198935E-4  0.004010626301309379  
0.9947541842572969  0.0010124707692117172  2.2271867218198935E-4  0.004010626301309379  
0.9947541842572969  0.0010124707692117172  2.2271867218198935E-4  0.004010626301309379  
0.9947541842572969  0.0010124707692117172  2.2271867218198935E-4  0.004010626301309379  
0.9947541842572969  0.0010124707692117172  2.2271867218198935E-4  0.004010626301309379  
0.9947541842572969  0.0010124707692117172  2.2271867218198935E-4  0.004010626301309379  
0.9947541842572969  0.0010124707692117172  2.2271867218198935E-4  0.004010626301309379  
0.9947541842572969  0.0010124707692117172  2.2271867218198935E-4  0.004010626301309379  
0.9947541842572969  0.0010124707692117172  2.2271867218198935E-4  0.004010626301309379  
0.9947541842572969  0.0010124707692117172  2.2271867218198935E-4  0.004010626301309379  
0.9947541842572969  0.0010124707692117172  2.2271867218198935E-4  0.004010626301309379  
0.9920502973890143  0.0013727805500711083  2.803257596649654E-4  0.006296596301249568  
0.9920502973890143  0.0013727805500711083  2.803257596649654E-4  0.006296596301249568  
0.9920502973890143  0.0013727805500711083  2.803257596649654E-4  0.006296596301249568  
0.9920502973890143  0.0013727805500711083  2.803257596649654E-4  0.006296596301249568  
0.9920502973890143  0.0013727805500711083  2.803257596649654E-4  0.006296596301249568  
0.9920502973890143  0.0013727805500711083  2.803257596649654E-4  0.006296596301249568  
0.7353975320872642  0.03240861890463689  0.005557134567332291  0.2266367144407666  
0.7353975320872642  0.03240861890463689  0.005557134567332291  0.2266367144407666  
0.7353975320872642  0.03240861890463689  0.005557134567332291  0.2266367144407666  
0.7353975320872642  0.03240861890463689  0.005557134567332291  0.2266367144407666  
0.7353975320872642  0.03240861890463689  0.005557134567332291  0.2266367144407666  
0.7353975320872642  0.03240861890463689  0.005557134567332291  0.2266367144407666  
0.7353975320872642  0.03240861890463689  0.005557134567332291  0.2266367144407666  
0.7353975320872642  0.03240861890463689  0.005557134567332291  0.2266367144407666  
0.7353975320872642  0.03240861890463689  0.005557134567332291  0.2266367144407666  
0.7353975320872642  0.03240861890463689  0.005557134567332291  0.2266367144407666  
0.7353975320872642  0.03240861890463689  0.005557134567332291  0.2266367144407666  
0.7353975320872642  0.03240861890463689  0.005557134567332291  0.2266367144407666  
0.7353975320872642  0.03240861890463689  0.005557134567332291  0.2266367144407666  
0.7353975320872642  0.03240861890463689  0.005557134567332291  0.2266367144407666  
0.7353975320872642  0.03240861890463689  0.005557134567332291  0.2266367144407666  
0.7353975320872642  0.03240861890463689  0.005557134567332291  0.2266367144407666  
0.7353975320872642  0.03240861890463689  0.005557134567332291  0.2266367144407666  
0.7353975320872642  0.03240861890463689  0.005557134567332291  0.2266367144407666  
0.22743948140400147  0.046401147808051345  0.006376153894234273  0.7197832168937129  
0.22743948140400147  0.046401147808051345  0.006376153894234273  0.7197832168937129  
0.22743948140400147  0.046401147808051345  0.006376153894234273  0.7197832168937129  
0.22743948140400147  0.046401147808051345  0.006376153894234273  0.7197832168937129  
0.22743948140400147  0.046401147808051345  0.006376153894234273  0.7197832168937129  
0.22743948140400147  0.046401147808051345  0.006376153894234273  0.7197832168937129  
0.22743948140400147  0.046401147808051345  0.006376153894234273  0.7197832168937129  
0.22743948140400147  0.046401147808051345  0.006376153894234273  0.7197832168937129  
0.22743948140400147  0.046401147808051345  0.006376153894234273  0.7197832168937129  
0.22743948140400147  0.046401147808051345  0.006376153894234273  0.7197832168937129  
0.22743948140400147  0.046401147808051345  0.006376153894234273  0.7197832168937129  
0.22743948140400147  0.046401147808051345  0.006376153894234273  0.7197832168937129  
0.22743948140400147  0.046401147808051345  0.006376153894234273  0.7197832168937129  
0.22743948140400147  0.046401147808051345  0.006376153894234273  0.7197832168937129  
0.006812532102853978  0.00451579035529786  4.634401252617402E-4  0.9882082374165865  
0.006812532102853978  0.00451579035529786  4.634401252617402E-4  0.9882082374165865  
0.006812532102853978  0.00451579035529786  4.634401252617402E-4  0.9882082374165865  
0.006812532102853978  0.00451579035529786  4.634401252617402E-4  0.9882082374165865  
0.006812532102853978  0.00451579035529786  4.634401252617402E-4  0.9882082374165865  
0.006812532102853978  0.00451579035529786  4.634401252617402E-4  0.9882082374165865  
0.006812532102853978  0.00451579035529786  4.634401252617402E-4  0.9882082374165865  
0.006812532102853978  0.00451579035529786  4.634401252617402E-4  0.9882082374165865  
0.006812532102853978  0.00451579035529786  4.634401252617402E-4  0.9882082374165865  
0.006812532102853978  0.00451579035529786  4.634401252617402E-4  0.9882082374165865  
0.006812532102853978  0.00451579035529786  4.634401252617402E-4  0.9882082374165865  
0.006812532102853978  0.00451579035529786  4.634401252617402E-4  0.9882082374165865  
0.006812532102853978  0.00451579035529786  4.634401252617402E-4  0.9882082374165865  
0.006812532102853978  0.00451579035529786  4.634401252617402E-4  0.9882082374165865  
0.006812532102853978  0.00451579035529786  4.634401252617402E-4  0.9882082374165865  
0.006812532102853978  0.00451579035529786  4.634401252617402E-4  0.9882082374165865  
0.006812532102853978  0.00451579035529786  4.634401252617402E-4  0.9882082374165865  
0.006812532102853978  0.00451579035529786  4.634401252617402E-4  0.9882082374165865  
0.006812532102853978  0.00451579035529786  4.634401252617402E-4  0.9882082374165865  
0.006812532102853978  0.00451579035529786  4.634401252617402E-4  0.9882082374165865  
0.006812532102853978  0.00451579035529786  4.634401252617402E-4  0.9882082374165865  
0.006812532102853978  0.00451579035529786  4.634401252617402E-4  0.9882082374165865  
0.006812532102853978  0.00451579035529786  4.634401252617402E-4  0.9882082374165865  
0.006812532102853978  0.00451579035529786  4.634401252617402E-4  0.9882082374165865  
0.006812532102853978  0.00451579035529786  4.634401252617402E-4  0.9882082374165865  
0.006812532102853978  0.00451579035529786  4.634401252617402E-4  0.9882082374165865  
0.006812532102853978  0.00451579035529786  4.634401252617402E-4  0.9882082374165865  
0.006812532102853978  0.00451579035529786  4.634401252617402E-4  0.9882082374165865  
0.026824884064761814  0.05393136291148898  0.0036811899060708096  0.9155625631176784  
0.026824884064761814  0.05393136291148898  0.0036811899060708096  0.9155625631176784  
0.026824884064761814  0.05393136291148898  0.0036811899060708096  0.9155625631176784  
0.026824884064761814  0.05393136291148898  0.0036811899060708096  0.9155625631176784  
0.026824884064761814  0.05393136291148898  0.0036811899060708096  0.9155625631176784  
0.026824884064761814  0.05393136291148898  0.0036811899060708096  0.9155625631176784  
0.026824884064761814  0.05393136291148898  0.0036811899060708096  0.9155625631176784  
0.026824884064761814  0.05393136291148898  0.0036811899060708096  0.9155625631176784  
0.026824884064761814  0.05393136291148898  0.0036811899060708096  0.9155625631176784  
0.026824884064761814  0.05393136291148898  0.0036811899060708096  0.9155625631176784  
0.05750302655235211  0.3959247624656222  0.014430442758424127  0.5321417682236016  
0.05750302655235211  0.3959247624656222  0.014430442758424127  0.5321417682236016  
0.05750302655235211  0.3959247624656222  0.014430442758424127  0.5321417682236016  
0.05750302655235211  0.3959247624656222  0.014430442758424127  0.5321417682236016  
0.05750302655235211  0.3959247624656222  0.014430442758424127  0.5321417682236016  
0.05750302655235211  0.3959247624656222  0.014430442758424127  0.5321417682236016  
0.05750302655235211  0.3959247624656222  0.014430442758424127  0.5321417682236016  
0.05750302655235211  0.3959247624656222  0.014430442758424127  0.5321417682236016  
0.05750302655235211  0.3959247624656222  0.014430442758424127  0.5321417682236016  
0.05750302655235211  0.3959247624656222  0.014430442758424127  0.5321417682236016  
0.05750302655235211  0.3959247624656222  0.014430442758424127  0.5321417682236016  
0.05750302655235211  0.3959247624656222  0.014430442758424127  0.5321417682236016  
0.05750302655235211  0.3959247624656222  0.014430442758424127  0.5321417682236016  
0.05750302655235211  0.3959247624656222  0.014430442758424127  0.5321417682236016  
0.05750302655235211  0.3959247624656222  0.014430442758424127  0.5321417682236016  
0.05750302655235211  0.3959247624656222  0.014430442758424127  0.5321417682236016  
0.05750302655235211  0.3959247624656222  0.014430442758424127  0.5321417682236016  
0.05750302655235211  0.3959247624656222  0.014430442758424127  0.5321417682236016  
0.05750302655235211  0.3959247624656222  0.014430442758424127  0.5321417682236016  
0.05750302655235211  0.3959247624656222  0.014430442758424127  0.5321417682236016  
0.05750302655235211  0.3959247624656222  0.014430442758424127  0.5321417682236016  
0.05750302655235211  0.3959247624656222  0.014430442758424127  0.5321417682236016  
0.05750302655235211  0.3959247624656222  0.014430442758424127  0.5321417682236016  
0.05750302655235211  0.3959247624656222  0.014430442758424127  0.5321417682236016  
0.05750302655235211  0.3959247624656222  0.014430442758424127  0.5321417682236016  
0.05750302655235211  0.3959247624656222  0.014430442758424127  0.5321417682236016  
0.021969913444205867  0.8528902764475251  0.009538945532463589  0.11560086457580536  
0.021969913444205867  0.8528902764475251  0.009538945532463589  0.11560086457580536  
0.021969913444205867  0.8528902764475251  0.009538945532463589  0.11560086457580536  
4.379281149604772E-7  0.9999975826843296  3.194368486532504E-7  1.6599507068943604E-6  
4.379281149604772E-7  0.9999975826843296  3.194368486532504E-7  1.6599507068943604E-6  
4.379281149604772E-7  0.9999975826843296  3.194368486532504E-7  1.6599507068943604E-6  
4.379281149604772E-7  0.9999975826843296  3.194368486532504E-7  1.6599507068943604E-6  
4.379281149604772E-7  0.9999975826843296  3.194368486532504E-7  1.6599507068943604E-6  
4.379281149604772E-7  0.9999975826843296  3.194368486532504E-7  1.6599507068943604E-6  
4.379281149604772E-7  0.9999975826843296  3.194368486532504E-7  1.6599507068943604E-6  
4.379281149604772E-7  0.9999975826843296  3.194368486532504E-7  1.6599507068943604E-6  
4.379281149604772E-7  0.9999975826843296  3.194368486532504E-7  1.6599507068943604E-6  
4.379281149604772E-7  0.9999975826843296  3.194368486532504E-7  1.6599507068943604E-6  
4.379281149604772E-7  0.9999975826843296  3.194368486532504E-7  1.6599507068943604E-6  
4.379281149604772E-7  0.9999975826843296  3.194368486532504E-7  1.6599507068943604E-6  
0.013484141661953662  0.9290243678112857  0.01635246135560582  0.04113902917115474  
0.03678554224898576  0.7924686777931085  0.07463919371507997  0.09610658624282585  
0.03678554224898576  0.7924686777931085  0.07463919371507997  0.09610658624282585  
0.03678554224898576  0.7924686777931085  0.07463919371507997  0.09610658624282585  
0.03678554224898576  0.7924686777931085  0.07463919371507997  0.09610658624282585  
0.05771998770006642  0.4585336514838393  0.36123696390326293  0.12250939691283143  
0.05771998770006642  0.4585336514838393  0.36123696390326293  0.12250939691283143  
0.0010712932171614744  0.003902940246779987  0.9932123085042154  0.0018134580318434007  
0.028263335591059553  0.07286973485586103  0.8564885574717632  0.042378372081316056  
0.9610600592782486  0.00820048262301867  0.0019297909960943422  0.028809667102638416  
0.9610600592782486  0.00820048262301867  0.0019297909960943422  0.028809667102638416  
0.9610600592782486  0.00820048262301867  0.0019297909960943422  0.028809667102638416  
0.9947541842572969  0.0010124707692117172  2.2271867218198935E-4  0.004010626301309379  
0.9947541842572969  0.0010124707692117172  2.2271867218198935E-4  0.004010626301309379  
0.9947541842572969  0.0010124707692117172  2.2271867218198935E-4  0.004010626301309379  
0.9947541842572969  0.0010124707692117172  2.2271867218198935E-4  0.004010626301309379  
0.9947541842572969  0.0010124707692117172  2.2271867218198935E-4  0.004010626301309379  
0.9947541842572969  0.0010124707692117172  2.2271867218198935E-4  0.004010626301309379  
0.9947541842572969  0.0010124707692117172  2.2271867218198935E-4  0.004010626301309379  
0.9947541842572969  0.0010124707692117172  2.2271867218198935E-4  0.004010626301309379  
0.9947541842572969  0.0010124707692117172  2.2271867218198935E-4  0.004010626301309379  
0.9947541842572969  0.0010124707692117172  2.2271867218198935E-4  0.004010626301309379  
0.9947541842572969  0.0010124707692117172  2.2271867218198935E-4  0.004010626301309379  
0.9947541842572969  0.0010124707692117172  2.2271867218198935E-4  0.004010626301309379  
0.9947541842572969  0.0010124707692117172  2.2271867218198935E-4  0.004010626301309379  
0.9947541842572969  0.0010124707692117172  2.2271867218198935E-4  0.004010626301309379  
0.9947541842572969  0.0010124707692117172  2.2271867218198935E-4  0.004010626301309379  
0.9947541842572969  0.0010124707692117172  2.2271867218198935E-4  0.004010626301309379  
0.9947541842572969  0.0010124707692117172  2.2271867218198935E-4  0.004010626301309379  
0.9947541842572969  0.0010124707692117172  2.2271867218198935E-4  0.004010626301309379  
0.9947541842572969  0.0010124707692117172  2.2271867218198935E-4  0.004010626301309379  
0.9947541842572969  0.0010124707692117172  2.2271867218198935E-4  0.004010626301309379  
0.9947541842572969  0.0010124707692117172  2.2271867218198935E-4  0.004010626301309379  
0.9947541842572969  0.0010124707692117172  2.2271867218198935E-4  0.004010626301309379  
0.9947541842572969  0.0010124707692117172  2.2271867218198935E-4  0.004010626301309379  
0.9947541842572969  0.0010124707692117172  2.2271867218198935E-4  0.004010626301309379  
0.9947541842572969  0.0010124707692117172  2.2271867218198935E-4  0.004010626301309379  
0.9947541842572969  0.0010124707692117172  2.2271867218198935E-4  0.004010626301309379  
0.9947541842572969  0.0010124707692117172  2.2271867218198935E-4  0.004010626301309379  
0.9947541842572969  0.0010124707692117172  2.2271867218198935E-4  0.004010626301309379  
0.9947541842572969  0.0010124707692117172  2.2271867218198935E-4  0.004010626301309379  
0.9947541842572969  0.0010124707692117172  2.2271867218198935E-4  0.004010626301309379  
0.9947541842572969  0.0010124707692117172  2.2271867218198935E-4  0.004010626301309379  
0.9947541842572969  0.0010124707692117172  2.2271867218198935E-4  0.004010626301309379  
0.9947541842572969  0.0010124707692117172  2.2271867218198935E-4  0.004010626301309379  
0.9947541842572969  0.0010124707692117172  2.2271867218198935E-4  0.004010626301309379  
0.9947541842572969  0.0010124707692117172  2.2271867218198935E-4  0.004010626301309379  
0.9947541842572969  0.0010124707692117172  2.2271867218198935E-4  0.004010626301309379  
0.9947541842572969  0.0010124707692117172  2.2271867218198935E-4  0.004010626301309379  
0.9947541842572969  0.0010124707692117172  2.2271867218198935E-4  0.004010626301309379  
0.9947541842572969  0.0010124707692117172  2.2271867218198935E-4  0.004010626301309379  
0.9947541842572969  0.0010124707692117172  2.2271867218198935E-4  0.004010626301309379  
0.9947541842572969  0.0010124707692117172  2.2271867218198935E-4  0.004010626301309379  
0.9947541842572969  0.0010124707692117172  2.2271867218198935E-4  0.004010626301309379  
0.9947541842572969  0.0010124707692117172  2.2271867218198935E-4  0.004010626301309379  
0.9947541842572969  0.0010124707692117172  2.2271867218198935E-4  0.004010626301309379  
0.9947541842572969  0.0010124707692117172  2.2271867218198935E-4  0.004010626301309379  
0.9947541842572969  0.0010124707692117172  2.2271867218198935E-4  0.004010626301309379  
0.9947541842572969  0.0010124707692117172  2.2271867218198935E-4  0.004010626301309379  
0.9947541842572969  0.0010124707692117172  2.2271867218198935E-4  0.004010626301309379  
0.9947541842572969  0.0010124707692117172  2.2271867218198935E-4  0.004010626301309379  
0.9947541842572969  0.0010124707692117172  2.2271867218198935E-4  0.004010626301309379  
0.9920502973890143  0.0013727805500711083  2.803257596649654E-4  0.006296596301249568  
0.9920502973890143  0.0013727805500711083  2.803257596649654E-4  0.006296596301249568  
0.9920502973890143  0.0013727805500711083  2.803257596649654E-4  0.006296596301249568  
0.9920502973890143  0.0013727805500711083  2.803257596649654E-4  0.006296596301249568  
0.9920502973890143  0.0013727805500711083  2.803257596649654E-4  0.006296596301249568  
0.9920502973890143  0.0013727805500711083  2.803257596649654E-4  0.006296596301249568  
0.9920502973890143  0.0013727805500711083  2.803257596649654E-4  0.006296596301249568  
0.9920502973890143  0.0013727805500711083  2.803257596649654E-4  0.006296596301249568  
0.9920502973890143  0.0013727805500711083  2.803257596649654E-4  0.006296596301249568  
0.9920502973890143  0.0013727805500711083  2.803257596649654E-4  0.006296596301249568  
0.9920502973890143  0.0013727805500711083  2.803257596649654E-4  0.006296596301249568  
0.7353975320872642  0.03240861890463689  0.005557134567332291  0.2266367144407666  
0.7353975320872642  0.03240861890463689  0.005557134567332291  0.2266367144407666  
0.7353975320872642  0.03240861890463689  0.005557134567332291  0.2266367144407666  
0.7353975320872642  0.03240861890463689  0.005557134567332291  0.2266367144407666  
0.7353975320872642  0.03240861890463689  0.005557134567332291  0.2266367144407666  
0.7353975320872642  0.03240861890463689  0.005557134567332291  0.2266367144407666  
0.7353975320872642  0.03240861890463689  0.005557134567332291  0.2266367144407666  
0.7353975320872642  0.03240861890463689  0.005557134567332291  0.2266367144407666  
0.7353975320872642  0.03240861890463689  0.005557134567332291  0.2266367144407666  
0.7353975320872642  0.03240861890463689  0.005557134567332291  0.2266367144407666  
0.7353975320872642  0.03240861890463689  0.005557134567332291  0.2266367144407666  
0.7353975320872642  0.03240861890463689  0.005557134567332291  0.2266367144407666  
0.7353975320872642  0.03240861890463689  0.005557134567332291  0.2266367144407666  
0.7353975320872642  0.03240861890463689  0.005557134567332291  0.2266367144407666  
0.7353975320872642  0.03240861890463689  0.005557134567332291  0.2266367144407666  
0.7353975320872642  0.03240861890463689  0.005557134567332291  0.2266367144407666  
0.7353975320872642  0.03240861890463689  0.005557134567332291  0.2266367144407666  
0.22743948140400147  0.046401147808051345  0.006376153894234273  0.7197832168937129  
0.22743948140400147  0.046401147808051345  0.006376153894234273  0.7197832168937129  
0.22743948140400147  0.046401147808051345  0.006376153894234273  0.7197832168937129  
0.22743948140400147  0.046401147808051345  0.006376153894234273  0.7197832168937129  
0.22743948140400147  0.046401147808051345  0.006376153894234273  0.7197832168937129  
0.22743948140400147  0.046401147808051345  0.006376153894234273  0.7197832168937129  
0.22743948140400147  0.046401147808051345  0.006376153894234273  0.7197832168937129  
0.006812532102853978  0.00451579035529786  4.634401252617402E-4  0.9882082374165865  
0.006812532102853978  0.00451579035529786  4.634401252617402E-4  0.9882082374165865  
0.006812532102853978  0.00451579035529786  4.634401252617402E-4  0.9882082374165865  
0.006812532102853978  0.00451579035529786  4.634401252617402E-4  0.9882082374165865  
0.006812532102853978  0.00451579035529786  4.634401252617402E-4  0.9882082374165865  
0.006812532102853978  0.00451579035529786  4.634401252617402E-4  0.9882082374165865  
0.006812532102853978  0.00451579035529786  4.634401252617402E-4  0.9882082374165865  
0.006812532102853978  0.00451579035529786  4.634401252617402E-4  0.9882082374165865  
0.006812532102853978  0.00451579035529786  4.634401252617402E-4  0.9882082374165865  
0.006812532102853978  0.00451579035529786  4.634401252617402E-4  0.9882082374165865  
0.006812532102853978  0.00451579035529786  4.634401252617402E-4  0.9882082374165865  
0.006812532102853978  0.00451579035529786  4.634401252617402E-4  0.9882082374165865  
0.006812532102853978  0.00451579035529786  4.634401252617402E-4  0.9882082374165865  
0.006812532102853978  0.00451579035529786  4.634401252617402E-4  0.9882082374165865  
0.006812532102853978  0.00451579035529786  4.634401252617402E-4  0.9882082374165865  
0.006812532102853978  0.00451579035529786  4.634401252617402E-4  0.9882082374165865  
0.006812532102853978  0.00451579035529786  4.634401252617402E-4  0.9882082374165865  
0.006812532102853978  0.00451579035529786  4.634401252617402E-4  0.9882082374165865  
0.006812532102853978  0.00451579035529786  4.634401252617402E-4  0.9882082374165865  
0.006812532102853978  0.00451579035529786  4.634401252617402E-4  0.9882082374165865  
0.006812532102853978  0.00451579035529786  4.634401252617402E-4  0.9882082374165865  
0.006812532102853978  0.00451579035529786  4.634401252617402E-4  0.9882082374165865  
0.026824884064761814  0.05393136291148898  0.0036811899060708096  0.9155625631176784  
0.026824884064761814  0.05393136291148898  0.0036811899060708096  0.9155625631176784  
0.026824884064761814  0.05393136291148898  0.0036811899060708096  0.9155625631176784  
0.026824884064761814  0.05393136291148898  0.0036811899060708096  0.9155625631176784  
0.026824884064761814  0.05393136291148898  0.0036811899060708096  0.9155625631176784  
0.026824884064761814  0.05393136291148898  0.0036811899060708096  0.9155625631176784  
0.026824884064761814  0.05393136291148898  0.0036811899060708096  0.9155625631176784  
0.05750302655235211  0.3959247624656222  0.014430442758424127  0.5321417682236016  
0.05750302655235211  0.3959247624656222  0.014430442758424127  0.5321417682236016  
0.05750302655235211  0.3959247624656222  0.014430442758424127  0.5321417682236016  
0.05750302655235211  0.3959247624656222  0.014430442758424127  0.5321417682236016  
0.05750302655235211  0.3959247624656222  0.014430442758424127  0.5321417682236016  
0.05750302655235211  0.3959247624656222  0.014430442758424127  0.5321417682236016  
0.05750302655235211  0.3959247624656222  0.014430442758424127  0.5321417682236016  
0.05750302655235211  0.3959247624656222  0.014430442758424127  0.5321417682236016  
0.05750302655235211  0.3959247624656222  0.014430442758424127  0.5321417682236016  
0.05750302655235211  0.3959247624656222  0.014430442758424127  0.5321417682236016  
0.05750302655235211  0.3959247624656222  0.014430442758424127  0.5321417682236016  
0.05750302655235211  0.3959247624656222  0.014430442758424127  0.5321417682236016  
0.05750302655235211  0.3959247624656222  0.014430442758424127  0.5321417682236016  
0.05750302655235211  0.3959247624656222  0.014430442758424127  0.5321417682236016  
0.021969913444205867  0.8528902764475251  0.009538945532463589  0.11560086457580536  
0.021969913444205867  0.8528902764475251  0.009538945532463589  0.11560086457580536  
0.021969913444205867  0.8528902764475251  0.009538945532463589  0.11560086457580536  
4.379281149604772E-7  0.9999975826843296  3.194368486532504E-7  1.6599507068943604E-6  
4.379281149604772E-7  0.9999975826843296  3.194368486532504E-7  1.6599507068943604E-6  
4.379281149604772E-7  0.9999975826843296  3.194368486532504E-7  1.6599507068943604E-6  
4.379281149604772E-7  0.9999975826843296  3.194368486532504E-7  1.6599507068943604E-6  
4.379281149604772E-7  0.9999975826843296  3.194368486532504E-7  1.6599507068943604E-6  
4.379281149604772E-7  0.9999975826843296  3.194368486532504E-7  1.6599507068943604E-6  
4.379281149604772E-7  0.9999975826843296  3.194368486532504E-7  1.6599507068943604E-6  
4.379281149604772E-7  0.9999975826843296  3.194368486532504E-7  1.6599507068943604E-6  
4.379281149604772E-7  0.9999975826843296  3.194368486532504E-7  1.6599507068943604E-6  
0.013484141661953662  0.9290243678112857  0.01635246135560582  0.04113902917115474  
0.03678554224898576  0.7924686777931085  0.07463919371507997  0.09610658624282585  
0.03678554224898576  0.7924686777931085  0.07463919371507997  0.09610658624282585  
0.03678554224898576  0.7924686777931085  0.07463919371507997  0.09610658624282585  
0.03678554224898576  0.7924686777931085  0.07463919371507997  0.09610658624282585  
0.03678554224898576  0.7924686777931085  0.07463919371507997  0.09610658624282585  
0.03678554224898576  0.7924686777931085  0.07463919371507997  0.09610658624282585  
0.05771998770006642  0.4585336514838393  0.36123696390326293  0.12250939691283143  
0.05771998770006642  0.4585336514838393  0.36123696390326293  0.12250939691283143  
0.010291974509872232  0.042773322595913064  0.9287531198957557  0.01818158299845896  
0.0010712932171614744  0.003902940246779987  0.9932123085042154  0.0018134580318434007  
0.028263335591059553  0.07286973485586103  0.8564885574717632  0.042378372081316056  
