1.358951405774382408e+02 3.932181712062997576e+02
2.918185154322520702e+02 2.559369603148871022e+02
4.740981511560581225e+02 3.249753763206246049e+02
3.473530901005431133e+02 3.435141118376901090e+02
4.796277612841728910e+02 2.671029341205608034e+02
1.469964541997848642e+02 2.517329632197970000e+02
1.046872679837497770e+02 3.591072846004798294e+02
2.947941651951656468e+02 3.270324911452665617e+01
3.353826745780895067e+02 1.211955216791806862e+02
3.416357951138853650e+02 2.516284311138810494e+02
4.725682108165881345e+02 3.576167895891137505e+02
3.536796512547161342e+02 9.903069638958933751e+01
2.268610140887654154e+02 9.138312708510760274e+01
2.719110576518665425e+02 2.045277841211248813e+02
2.321333523468055304e+01 1.347537481688933383e+02
2.749259233010798198e+02 2.674013489739390934e+02
2.962489537303762290e+02 2.486415544355385805e+02
4.215147255462856606e+02 4.376336470009084678e+01
4.707587083899625213e+02 2.337906699483141040e+02
2.126566561402869979e+02 2.409387516835158749e+02
3.333455605386891989e+02 3.069838770697428458e+02
4.140251111634104859e+02 1.981604045083595977e+01
1.336757610079610856e+02 4.106543681844166827e+02
3.418699297469659655e+02 2.685385718827674850e+02
2.181092214981985649e+02 1.902683671206557676e+02
4.730942930132625293e+02 1.136702486279811950e+02
4.795524520202276904e+02 1.506941081266505194e+02
4.742760699834385036e+02 3.479974864787317870e+02
1.881127661927251609e+02 4.091999137944640808e+01
1.274258088452750428e+02 1.064411660732115195e+02
3.517277017808863206e+02 4.409632746618946157e+02
8.006213459625699613e+01 1.537998684271590832e+01
1.193162358675878210e+02 4.252995697077624868e+02
3.927981926654165363e+02 1.925588284972506585e+02
7.586183949030261431e+01 9.652823166789053744e+01
1.774166366142305264e+02 1.353325569695697368e+02
3.571812024018316833e+02 2.261730101360578828e+02
4.501489826078873762e+02 3.838958782794312583e+02
2.309555436141527593e+02 9.564633935239025675e+01
5.539712000780055945e+01 6.935795050597104705e+01
3.227376651355305057e+02 3.155632117276981035e+02
4.610305283815307007e+02 3.804070223741350105e+02
4.767191850587520321e+02 8.637829382594070182e+01
1.021844434758439348e+02 2.874004426341488738e+02
4.056743668513755097e+02 2.795108810729395259e+02
1.125535660605971913e+02 1.348201230312551147e+01
1.192579581467588241e+02 4.527029324117393685e+02
3.744170548645491294e+02 4.967257767726499651e+02
1.157556454136118305e+02 1.755115902260271810e+02
1.892443205248688969e+02 4.398230244765658199e+02
3.843086394844154370e+02 1.752468262527370086e+02
1.978850185856935866e+02 3.423193955153567458e+02
3.009951052877119082e+02 4.227724482562643402e+02
2.740698498465411603e+02 2.654098439526937341e+02
5.832369424149408133e+01 3.323275559175248759e+02
1.679170260243181190e+02 2.166077666868352765e+02
3.027228947173500160e+02 2.982984128454832558e+02
1.581916831253870157e+02 9.012588054737008747e+01
2.875704633816480396e+02 1.492874159425728351e+02
3.019335858093763818e+02 9.854932146446459740e+01
2.344721996155962884e+01 5.099069549983592253e+01
2.233891420041672120e+02 4.400277414569746952e+02
1.864059104877220818e+02 3.132805801729133464e+02
2.733658171911018542e+01 3.446230674807638366e+02
4.434511348013273278e+02 3.671720372815182145e+02
1.655544307236380064e+02 3.170197839128819055e+02
4.582109162670816715e+01 2.070149769959203070e+02
6.541454387131995674e+00 2.947989215796664553e+01
5.621491550007640114e+01 1.652638303929496146e+02
4.702397393978602622e+02 2.435141472657817019e+02
6.731589614277233125e+01 3.635495415295147836e+02
3.955382128248966751e+02 4.119038349404636392e+02
1.381840810755200550e+02 2.238823278731994435e+02
2.776849823754651325e+01 1.122229578034604742e+02
1.670322235511758606e+02 3.025563880386595201e+02
4.724797214261509453e+02 2.578896182544994531e+02
3.312948474759628539e+02 2.560601689520732407e+02
4.515505294829781064e+02 2.296319818030169131e+02
5.923327843164705087e+01 2.589592751138602580e+02
1.999273620313162212e+02 3.219124533160949682e+02
3.206423492472533212e+02 4.016106640174568270e+02
4.928936765676269260e+02 3.017814586434540161e+02
1.738974322734381133e+02 2.422845727397309190e+02
2.906741961479547598e+01 2.694054657898669234e+02
4.604564277667556667e+02 3.391791382030007185e+02
2.257202617769256108e+02 1.015484291515501525e+02
1.608938305300211624e+01 2.542654845806391961e+02
4.883890967180828397e+02 3.628822188700011111e+02
1.731905789679965437e+02 1.217380762391678815e+02
4.103003474473511005e+02 4.938222290947815054e+02
1.422719340459533441e+02 3.451099645857302676e+02
6.454087619250454111e+01 3.666952284308433150e+02
3.053329545303727741e+02 1.843412521379669897e+02
1.055405639037549292e+02 4.035495903588985129e+02
2.231881737457976271e+02 3.237182454776537952e+02
8.085715684630967814e+01 4.207340389276361634e+02
1.900341059789042504e+02 1.472992183037686402e+02
3.827557641897683283e+01 1.822203682441865169e+02
2.529695986335856333e+02 1.373664074459551898e+01
3.560980947208437897e+02 3.537929378478388571e+02
